0.98186239225 498.584619359
0.978781280959 498.464133719
0.975344162194 498.337050617
0.971520032587 498.203507531
0.967276196541 498.063722937
0.962578302384 497.918003897
0.957390398504 497.766753175
1.02146323206 497.429770967
1.04313270508 497.241413689
1.05389950087 497.059529106
1.06273511448 496.87996291
1.07094755941 496.7029887
1.07901499797 496.52988377
1.08718193044 496.362397898
1.0956039742 496.202620115
1.10439836737 496.052946818
1.11366596937 495.916090146
1.12350270674 495.79510979
1.13400665126 495.693462306
1.14528324451 495.615063585
1.1574498169 495.564357345
1.17063993669 495.546375791
1.18500774971 495.56676745
1.20073211761 495.631750969
1.2180199121 495.747933066
1.23710721263 495.921908051
1.25825639908 496.159545774
1.28174640213 496.46489352
1.30785307267 496.838688928
1.33681733398 497.276616086
1.36880080049 497.767597819
1.40383118687 498.292495857
1.44174205601 498.823520328
1.48212028187 499.324897044
1.52432331445 499.757486332
1.56588625153 503.099476079
1.60495880849 503.34436237
1.6463964362 503.609026394
1.69035202451 503.894895385
1.736985429 504.203505011
0.98292677628 798.447164394
0.979989276734 798.30359866
0.976709224614 798.15013515
0.973055654769 797.986561405
0.968995611728 797.812732614
0.964494126817 797.628583917
0.959514213993 797.434143442
1.02401194168 796.994429444
1.04595133547 796.727400695
1.05698005222 796.467260968
1.0660729896 796.203508151
1.07453404857 795.93541868
1.08283525509 795.663962825
1.09121359676 795.390899978
1.09981595263 795.118580213
1.10901336031 794.920704293
1.11880438182 794.76481929
1.12913118662 794.615652919
1.14006951568 794.475975189
1.1516984723 794.349287083
1.16410470654 794.239987491
1.17738657502 794.153553525
1.19165853596 794.096713063
1.2070558274 794.077570597
1.22373918019 794.105622421
1.24189890955 794.191567149
1.26175718983 794.346790882
1.28356672046 794.582401741
1.30760357913 794.907736679
1.33415229207 795.328398866
1.3634826071 795.844116195
1.39582037638 796.446976544
1.4313184601 797.12072162
1.47003508405 797.841542045
1.51192313389 798.580108246
1.55682255347 799.303602895
1.6044853167 799.973919178
1.64634530073 803.609446448
1.69035202451 803.894895385
1.736985429 804.203505011
2.97707692012 498.643293144
2.97350651867 498.534026946
2.96953448011 498.420061916
2.96512703883 498.301737141
2.96024882071 498.179468708
2.95486291002 498.053751235
2.94893093278 497.925158315
2.94241315603 497.794341928
2.93526860314 497.662030915
2.92745518519 497.529028739
2.91892984984 497.396210838
2.90964875042 497.264522014
2.8995674402 497.134974424
2.88864110019 497.008646895
2.87682481254 496.886686414
2.86407389729 496.770312797
2.85034433609 496.660827657
2.8355933142 496.55962888
2.81977991934 496.46823181
2.80286604286 496.388298189
2.7848175328 496.321673492
2.76560564471 496.270432406
2.74520881913 496.236930622
2.72361477262 496.22385841
3.01924660345 496.341563958
3.07852965793 496.57492482
3.11703705991 496.798009041
3.15103247984 497.056038485
3.18433477827 497.355828883
3.21853620088 497.696485976
3.25444319186 498.071889
3.29245669855 498.471279643
3.33271219814 498.880261699
3.37516066218 499.282594224
3.41964109303 499.662490466
3.46579322236 499.998124648
3.50498772228 503.290247703
3.54625038654 503.553026571
3.58981734803 503.836822567
3.63587534145 504.143160001
2.97874351374 798.485772186
2.97538461019 798.349647769
2.97164038636 798.20513374
2.96747624224 798.05225805
2.96285546174 797.891136215
2.95773921544 797.721980357
2.95208658407 797.545107728
2.94585460471 797.360948614
2.93899834156 797.170053543
2.93147098382 796.973099859
2.92322397319 796.770897802
2.91420716494 796.564396429
2.9043690278 796.354689886
2.89365689054 796.143024797
2.88201724639 795.930809804
2.8693961311 795.719628607
2.85573959679 795.511258177
2.8409943108 795.307694095
2.8251083176 795.111185208
2.80803201035 794.924279817
2.78971936589 794.749885263
2.77016918315 794.596090194
2.74962504944 794.499035055
2.72771150792 794.418540305
3.01958178841 794.186424483
3.07695909257 794.365240838
3.1137071692 794.567668459
3.14585551344 794.835124642
3.1772380716 795.179492875
3.20949918697 795.603108442
3.24352393904 796.101035064
3.27981228967 796.661159448
3.31861133912 797.26504382
3.35998661556 797.890162244
3.40388392486 798.513109787
3.45040225513 799.125550229
3.50108975473 799.799004718
3.54619407042 803.553473444
3.58981734803 803.836822567
3.63587534145 804.143160001
4.97374126067 498.685776221
4.96991405645 498.585410765
4.9656730925 498.482025235
4.9609858655 498.37614898
4.95581862627 498.268377414
4.95013643958 498.159365393
4.94390324215 498.04981927
4.93708189748 497.940488024
4.92963424665 497.832153977
4.92152115585 497.725623627
4.91270256314 497.621719154
4.90313752873 497.521271188
4.89278429563 497.425113398
4.8816003706 497.334079483
4.86954263842 497.249003108
4.85656752675 497.170721355
4.84263124338 497.10008221
4.82769011274 497.037956627
4.81170104375 496.985255612
4.79462216588 496.942952665
4.77641367236 496.91211163
4.75703890726 496.893919488
4.73646572048 496.889722711
4.71466808567 496.901064287
4.69162791794 496.929716164
4.66733692939 496.977698441
4.64179820326 497.047272082
4.61502694626 497.140886663
4.58704960476 497.261060031
4.55790026613 497.4101656
4.52761314838 497.590110094
4.49621023143 497.801905279
4.46368394445 498.045174547
5.11474922221 499.043296279
5.2085092098 499.460032794
5.28084770216 499.83649342
5.34029615413 503.207685364
5.3918961358 503.472268522
5.44285563078 503.756761273
5.49433761196 504.062996115
4.97555215468 798.512696867
4.97193576642 798.381970647
4.96791614722 798.244097119
4.96345844677 798.099339667
4.95852596647 797.948071896
4.95308020961 797.790782158
4.94708094649 797.628075608
4.94048629241 797.460673684
4.93325279653 797.289411077
4.92533553985 797.115230468
4.91668824177 796.939175559
4.90726337602 796.762383109
4.89701229922 796.586074931
4.88588539861 796.411550977
4.87383226936 796.240184802
4.86080193713 796.073422822
4.84674314727 795.912788903
4.83160474932 795.759895836
4.81533621284 795.616465254
4.79788831799 795.484357393
4.77921407076 795.365611703
4.75926989429 795.262498593
4.73801714126 795.17758116
4.71542394892 795.113783423
4.69146740799 795.074457753
4.66613592183 795.063438483
4.63943147751 795.085060836
4.6113713191 795.144114551
4.58198821316 795.245692013
4.55132817746 795.394885516
4.51944434177 795.596295727
4.48638576453 795.85334394
4.4521808446 796.16744273
5.09961657011 797.610305645
5.19231253579 798.264930633
5.26380183967 798.867150416
5.3299365147 799.501590216
5.39184032465 800.230308897
5.44285563078 803.756761273
5.49433761196 804.062996115
